70,34
70,33
70,32
70,31
70,30
70,29
70,28
70,27
70,26
70,25
70,24
70,23
70,22
70,21
70,20
70,19
70,18
70,17
70,16
70,15
70,14
70,13
70,12
70,11
70,10
70,9
70,8
70,7
70,6
70,5
70,4
70,3
70,2
70,0
0,689
0,688
0,687
0,686
0,685
0,684
0,683
0,682
0,681
0,680
0,679
0,678
0,677
0,676
0,675
0,674
0,673
0,672
0,735
0,734
0,733
0,732
0,731
0,730
0,729
0,728
0,727
0,726
0,725
0,724
0,723
0,722
0,721
0,720
0,719
0,718
0,717
0,716
0,715
0,714
0,713
0,712
0,711
0,710
0,709
0,708
0,707
0,706
0,705
0,704
0,319
0,317
0,314
0,311
0,310
0,343
0,342
0,341
0,338
0,335
0,333
0,328
0,323
0,364
68,287
68,286
68,285
68,284
68,283
68,282
68,281
68,280
68,279
68,278
68,277
68,276
68,275
68,274
68,273
68,272
68,271
68,270
68,269
68,268
68,267
68,266
68,265
68,264
68,263
8,1
68,262
4,1
68,261
14,1
68,260
15,1
68,259
68,258
10,1
68,257
3,1
68,256
16,1
68,309
13,1
68,308
35,1
68,307
32,1
68,306
68,305
68,304
68,303
68,302
68,301
68,300
68,299
68,298
68,297
68,296
68,295
68,294
68,293
68,292
68,291
68,290
68,289
68,288
0,408
0,511
0,510
0,509
0,508
0,507
0,506
0,505
0,504
0,503
0,502
0,501
0,500
0,499
0,498
0,497
0,496
0,495
0,491
0,490
8,7
8,6
8,5
4,9
4,8
14,9
15,9
10,12
3,5
0,13
0,10
0,9
0,5
0,0
16,7
13,27
35,5
32,5
68,95
68,94
68,93
68,92
68,91
68,90
68,89
68,88
68,87
68,86
68,85
68,84
68,83
68,82
68,81
68,80
68,79
68,78
68,77
68,76
68,75
68,74
68,73
68,72
68,71
68,70
68,69
68,68
68,67
68,66
68,65
68,64
0,62
0,61
0,60
0,57
0,56
0,55
0,52
0,49
66,9
66,8
66,7
66,6
66,5
66,4
66,3
66,2
66,1
66,0
68,127
68,126
68,125
68,124
68,123
68,122
68,121
68,120
68,119
68,118
68,117
68,116
68,115
68,114
68,113
68,112
68,111
68,110
68,109
68,108
68,107
68,106
68,105
68,104
68,103
68,102
68,101
68,100
68,99
68,98
68,97
68,96
67,20
67,19
67,18
67,17
67,16
67,15
67,14
67,13
67,12
67,11
67,10
67,9
67,8
67,7
67,6
67,5
67,4
67,3
67,2
67,1
67,0
69,29
69,28
69,27
69,26
69,25
69,24
69,23
69,22
69,21
69,20
69,19
69,18
69,17
69,16
69,15
69,14
69,13
69,12
69,11
69,10
69,9
69,8
69,7
69,6
69,5
69,4
69,3
69,2
69,1
69,0
68,31
68,30
68,29
68,28
68,27
0,690
0,691
0,693
0,694
0,696
0,697
0,699
0,701
0,702
0,640
0,641
0,643
0,645
0,646
0,648
0,649
0,651
0,652
0,654
0,656
0,657
0,659
0,660
0,662
0,664
